3 0.2859375 0.4895833333333333 0.034375 0.05
4 0.92734375 0.525 0.0265625 0.04583333333333333
4 0.525 0.29270833333333335 0.034375 0.035416666666666666
4 0.71171875 0.27708333333333335 0.0234375 0.025
4 0.28359375 0.2604166666666667 0.0234375 0.0375
4 0.4390625 0.13125 0.559375 0.2625
4 0.7453125 0.21354166666666666 0.090625 0.05625
4 0.75546875 0.16041666666666668 0.0984375 0.04583333333333333
4 0.7703125 0.12291666666666666 0.025 0.025
4 0.81875 0.09166666666666666 0.03125 0.029166666666666667
4 0.14609375 0.06875 0.0453125 0.03333333333333333
4 0.73046875 0.030208333333333334 0.0703125 0.06041666666666667
