4 0.98828125 0.8020833333333334 0.0203125 0.03333333333333333
4 0.85078125 0.7677083333333333 0.0265625 0.027083333333333334
4 0.78203125 0.715625 0.0203125 0.027083333333333334
4 0.875 0.709375 0.028125 0.03125
4 0.94375 0.6677083333333333 0.01875 0.022916666666666665
4 0.97265625 0.621875 0.0390625 0.03958333333333333
4 0.91953125 0.6166666666666667 0.0265625 0.05
4 0.78828125 0.6020833333333333 0.0484375 0.03333333333333333
4 0.95390625 0.59375 0.0265625 0.0375
4 0.8546875 0.5083333333333333 0.19375 0.15
4 0.721875 0.5395833333333333 0.021875 0.029166666666666667
4 0.98359375 0.5333333333333333 0.0328125 0.03333333333333333
4 0.95546875 0.49270833333333336 0.0578125 0.027083333333333334
4 0.740625 0.4875 0.028125 0.029166666666666667
4 0.9609375 0.425 0.078125 0.10833333333333334
4 0.7484375 0.459375 0.05 0.03125
4 0.75703125 0.4166666666666667 0.0296875 0.03333333333333333
4 0.9015625 0.39895833333333336 0.025 0.027083333333333334
4 0.79609375 0.31979166666666664 0.1671875 0.16458333333333333
4 0.91328125 0.3125 0.0328125 0.029166666666666667
4 0.8859375 0.275 0.040625 0.03333333333333333
4 0.88125 0.23541666666666666 0.05 0.029166666666666667
4 0.753125 0.21354166666666666 0.0875 0.06875
4 0.83984375 0.2125 0.0203125 0.029166666666666667
