4 0.79765625 0.9479166666666666 0.0546875 0.10416666666666667
4 0.02421875 0.6375 0.0484375 0.05
4 0.1453125 0.27708333333333335 0.025 0.029166666666666667
4 0.3125 0.24479166666666666 0.0375 0.06041666666666667
4 0.36328125 0.21770833333333334 0.0640625 0.08125
4 0.44765625 0.175 0.0328125 0.04583333333333333
4 0.44140625 0.11458333333333333 0.0515625 0.058333333333333334
4 0.425 0.06979166666666667 0.028125 0.022916666666666665
4 0.0375 0.027083333333333334 0.0375 0.05416666666666667
4 0.37734375 0.017708333333333333 0.0328125 0.035416666666666666
